128 0.013875
160 0.014100
208 0.013769
256 0.013813
320 0.015350
416 0.013808
528 0.013758
672 0.014405
864 0.014241
1120 0.014757
1456 0.014253
1888 0.014305
2448 0.014124
3168 0.005591
4112 0.004451
5344 0.004443
6944 0.004581
9024 0.004590
11728 0.004437
15232 0.004603
19792 0.005310
25728 0.006203
33440 0.006294
43472 0.006524
56512 0.006879
73456 0.007021
95488 0.007174
124128 0.007367
161360 0.010629
209760 0.013259
272688 0.014858
354480 0.015871
460816 0.016676
599056 0.017288
778768 0.017841
1012384 0.021667
1316096 0.027814
1710912 0.041858
2224176 0.049900
2891424 0.062288
3758848 0.064359
