320 0.015350
416 0.014038
528 0.013970
672 0.015143
864 0.014259
1120 0.014343
1456 0.014484
1888 0.014059
2448 0.010346
3168 0.004879
4112 0.004669
5344 0.004551
6944 0.004336
9024 0.004502
11728 0.004720
15232 0.004603
19792 0.005403
25728 0.006164
33440 0.006696
43472 0.006686
56512 0.006816
73456 0.007179
95488 0.007094
124128 0.008123
161360 0.010371
209760 0.013434
272688 0.014961
354480 0.016097
460816 0.016872
599056 0.017636
778768 0.018362
1012384 0.021637
1316096 0.031259
1710912 0.043244
2224176 0.056336
2891424 0.063682
3758848 0.068367
